42.50
154.00
39.00
45.00
59.00
153.50
138.50
64.00
38.50
63.00
155.00
110.00
54.50
158.00
49.50
53.50
60.00
42.00
153.00
155.00
42.00
26.50
116.50
133.50
162.00
45.00
67.50
157.50
109.50
154.50
156.50
142.50
159.00
154.50
46.50
43.50
52.00
44.50
52.00
155.50
143.00
71.00
160.50
154.50
44.00
30.50
47.50
81.00
55.00
155.50
67.50
38.50
154.00
39.50
161.00
44.50
120.00
68.50
61.50
120.00
36.50
108.50
152.50
138.50
90.00
152.00
51.00
44.50
114.50
46.00
150.50
157.00
153.50
164.00
62.50
25.50
156.50
158.50
139.00
26.50
158.50
2.50
54.00
33.00
114.00
159.00
40.00
136.50
33.00
22.00
48.50
89.00
38.50
157.00
47.50
61.00
89.50
41.50
141.00
121.00
179.50
123.00
53.50
4.00
69.00
66.00
7.00
135.50
170.50
154.00
151.00
157.50
15.00
156.50
147.00
0.00
90.50
170.00
20.50
77.00
25.00
68.00
0.50
1.00
75.00
4.00
11.50
57.00
170.00
56.50
70.50
41.50
171.50
179.50
63.00
104.00
98.00
7.00
139.50
71.50
47.00
17.50
4.50
78.50
61.50
179.00
177.00
108.50
18.50
8.00
8.00
164.50
175.50
0.00
78.50
108.00
160.50
108.00
152.50
179.50
70.50
170.00
70.50
73.00
19.50
85.00
178.50
21.00
122.00
70.50
173.50
158.00
8.00
155.50
147.00
87.50
92.50
71.50
158.00
69.00
68.00
18.00
166.00
74.00
7.00
10.00
174.50
52.00
73.50
107.00
68.50
12.00
75.50
90.00
2.50
96.50
150.00
167.00
89.00
130.50
146.50
165.50
137.50
65.00
133.00
22.50
24.50
64.00
159.50
23.50
153.50
152.00
158.50
165.50
25.00
153.50
25.00
23.50
62.50
152.00
24.50
26.50
63.50
156.50
26.50
23.00
153.50
25.50
67.00
160.50
23.50
118.00
142.00
25.00
36.00
62.00
24.50
25.50
32.50
66.00
41.00
25.50
66.00
27.50
159.50
161.00
120.00
172.00
64.50
4.50
154.50
159.00
27.50
150.00
27.50
24.50
25.50
27.00
151.50
155.50
119.00
24.50
138.50
22.00
18.50
25.50
19.50
6.50
15.50
26.00
22.00
25.50
152.50
25.00
55.00
0.00
91.50
24.50
26.00
159.50
17.50
28.00
23.50
152.00
159.00
143.50
45.50
155.50
26.50
116.00
25.00
13.00
33.50
28.00
157.00
1.50
27.50
67.00
65.00
36.00
65.50
68.50
59.50
65.00
146.50
153.00
119.00
56.50
138.50
58.00
63.00
66.00
154.50
150.50
70.00
152.00
152.50
61.00
22.50
118.00
79.50
122.50
111.00
72.00
138.00
63.00
68.00
146.50
24.00
82.50
29.00
67.00
156.00
33.50
164.50
35.50
70.00
5.50
90.50
143.50
75.00
46.00
122.00
110.00
114.00
65.00
23.00
68.00
114.50
154.00
66.00
78.50
68.00
19.00
60.50
65.00
66.50
149.50
59.00
44.50
65.50
65.00
27.50
139.00
21.50
152.50
4.50
151.50
63.50
59.50
65.50
160.00
173.00
157.50
151.50
118.00
107.50
72.50
112.00
118.50
103.50
15.50
143.00
41.00
16.50
164.50
61.50
55.50
35.50
57.50
143.50
74.50
26.00
72.00
64.50
62.50
52.50
137.50
146.50
55.50
22.00
144.50
154.50
147.00
39.00
20.50
160.00
151.00
35.50
144.00
23.50
144.50
147.50
22.50
21.00
138.50
20.00
24.50
104.50
146.00
148.00
59.50
151.00
19.50
20.50
152.00
150.50
25.50
50.00
20.50
153.50
25.50
20.50
145.50
148.00
73.50
150.00
150.00
18.00
155.50
143.00
154.00
146.50
23.50
155.50
7.50
43.50
5.50
146.50
100.50
19.00
65.00
72.50
162.50
52.00
25.50
19.00
16.00
22.50
26.00
155.50
145.00
147.00
136.00
13.50
21.50
154.50
63.00
149.00
24.50
136.50
27.50
98.50
145.50
155.50
143.50
153.00
149.00
155.50
156.50
143.00
144.00
158.50
153.50
25.50
152.00
26.50
137.50
11.00
148.00
132.00
22.50
23.50
143.00
150.50
141.00
154.50
30.00
97.50
19.50
68.00
66.50
25.50
69.00
161.00
64.00
26.50
67.00
153.50
24.00
157.00
65.50
158.50
115.50
158.00
159.00
141.50
16.50
67.50
19.00
25.00
27.50
29.50
65.50
55.00
61.50
21.50
156.50
19.00
64.50
18.00
27.00
20.00
159.00
26.00
63.50
65.50
20.50
65.50
160.00
8.00
158.00
156.50
22.00
18.50
60.50
157.50
26.00
23.50
115.00
12.00
26.50
113.50
161.50
158.00
161.00
114.50
149.00
55.00
69.00
18.50
16.50
18.00
15.50
21.50
26.00
21.50
67.00
163.00
64.50
14.50
158.00
20.00
61.00
160.50
61.50
18.00
23.50
65.50
23.50
24.50
17.00
52.50
18.00
3.50
17.00
27.00
154.50
157.50
61.50
162.50
64.50
64.00
49.50
114.00
64.50
25.50
115.00
67.00
62.00
142.50
61.00
61.50
65.00
55.00
131.50
46.00
22.50
110.00
91.00
92.50
62.00
60.50
65.00
20.00
24.00
62.00
113.00
1.00
93.00
64.50
165.50
59.00
2.50
179.00
36.00
62.00
63.50
0.00
7.00
178.50
0.00
2.00
1.00
22.00
96.50
41.00
177.50
179.00
59.00
106.00
179.00
63.50
0.50
46.50
153.50
179.50
178.00
65.00
178.50
0.50
0.50
36.50
43.50
0.50
19.00
18.00
179.50
178.50
8.00
65.00
0.00
81.50
178.00
39.50
3.00
64.00
179.50
0.00
19.50
179.00
22.50
150.00
177.00
179.00
62.50
179.50
132.00
71.50
2.50
1.00
179.50
47.50
114.00
179.00
11.50
0.00
90.50
5.50
8.50
96.50
21.00
91.00
0.00
93.50
179.00
179.50
177.50
86.50
62.00
7.50
16.50
11.00
43.00
11.50
119.50
156.00
160.00
152.50
146.50
14.00
79.00
14.00
115.00
44.00
5.00
114.50
120.00
7.50
118.50
12.50
116.50
120.00
45.00
171.00
158.50
108.00
157.00
114.00
16.50
111.50
122.50
162.00
111.50
99.00
115.50
72.50
18.50
148.00
14.00
176.00
65.50
6.00
177.00
97.00
135.00
160.00
147.50
11.00
7.00
153.00
133.50
163.00
14.00
113.50
87.50
174.00
9.50
10.50
161.00
165.00
179.00
116.00
159.50
118.00
17.00
177.00
66.00
19.50
119.00
115.50
10.50
113.50
67.00
66.00
177.00
154.00
17.00
139.50
128.00
114.50
77.00
69.00
118.00
120.00
112.50
4.50
115.50
118.50
114.50
3.00
15.00
14.50
68.50
146.00
70.50
6.00
97.00
113.00
18.00
